[ -1.64652462e-02  -1.07222548e-02   1.05602433e-03   1.13312183e-02
   1.39093033e-02   8.58377315e-03   9.58102165e-04  -2.48549064e-03
  -3.62925785e-09   3.93664996e-03   2.73463289e-03  -5.90091109e-03
  -1.68232011e-02  -2.07231892e-02  -1.16878358e-02   7.03177064e-03
   2.41904432e-02   2.84277421e-02   1.69716064e-02  -1.91029894e-03
  -1.51542721e-02  -1.52300827e-02  -6.18619628e-03  -3.87836852e-10
  -5.61037716e-03  -1.95388560e-02  -2.66728040e-02  -1.21432739e-02
   2.41686590e-02   6.25493016e-02   7.39835450e-02   4.07807432e-02
  -2.71367517e-02  -9.35106807e-02  -1.16332089e-01  -7.54128058e-02
   1.17340416e-02   9.77424620e-02   1.33333337e-01   9.77424620e-02
   1.17340416e-02  -7.54128058e-02  -1.16332089e-01  -9.35106807e-02
  -2.71367517e-02   4.07807432e-02   7.39835450e-02   6.25493016e-02
   2.41686590e-02  -1.21432739e-02  -2.66728040e-02  -1.95388560e-02
  -5.61037716e-03  -3.87836852e-10  -6.18619628e-03  -1.52300827e-02
  -1.51542721e-02  -1.91029894e-03   1.69716064e-02   2.84277421e-02
   2.41904432e-02   7.03177064e-03  -1.16878358e-02  -2.07231892e-02
  -1.68232011e-02  -5.90091109e-03   2.73463289e-03   3.93664996e-03
  -3.62925785e-09  -2.48549064e-03   9.58102165e-04   8.58377315e-03
   1.39093033e-02   1.13312183e-02   1.05602433e-03  -1.07222548e-02
  -1.64652462e-02]
Analog frequencies [  7100.   8100.  13100.  14100.]
