[ -1.55330474e-02  -1.79090850e-02  -9.20689178e-03   7.02046690e-03
   2.12201024e-02   2.42038900e-02   1.38003106e-02  -3.30616351e-03
  -1.62348489e-02  -1.77836892e-02  -9.54423699e-03  -1.60014632e-04
   2.10724204e-03  -3.34047500e-03  -8.45058850e-03  -3.28805349e-03
   1.43217153e-02   3.42033853e-02   3.91755423e-02   1.78017974e-02
  -2.43934243e-02  -6.44687685e-02  -7.47759818e-02  -4.16690393e-02
   2.24228714e-02   8.30783287e-02   1.03350443e-01   6.70944800e-02
  -9.02552778e-03  -8.35590602e-02   8.85714277e-01  -8.35590602e-02
  -9.02552778e-03   6.70944800e-02   1.03350443e-01   8.30783287e-02
   2.24228714e-02  -4.16690393e-02  -7.47759818e-02  -6.44687685e-02
  -2.43934243e-02   1.78017974e-02   3.91755423e-02   3.42033853e-02
   1.43217153e-02  -3.28805349e-03  -8.45058850e-03  -3.34047500e-03
   2.10724204e-03  -1.60014632e-04  -9.54423699e-03  -1.77836892e-02
  -1.62348489e-02  -3.30616351e-03   1.38003106e-02   2.42038900e-02
   2.12201024e-02   7.02046690e-03  -9.20689178e-03  -1.79090850e-02
  -1.55330474e-02]
Analog frequencies [  5800.   6800.   9800.  10800.]
order= 30.0
